1	12.711	6.599
2	12.71	6.48
3	12.799	6.358
4	12.834	6.204
5	12.862	6.027
6	12.917	5.868
7	13.024	5.701
8	13.039	5.582
9	13.078	5.503
10	13.179	5.443
11	13.218	5.349
12	13.356	5.141
13	13.361	5.044
14	13.426	4.948
15	13.523	4.817
16	13.65	4.741
17	13.821	4.582
18	13.775	4.423
19	13.736	4.286
20	13.77	4.287
21	13.761	4.134
22	13.841	3.967
23	13.894	3.953
24	13.945	3.81
25	13.97	3.728
26	13.982	3.669
27	14.044	3.552
28	14.002	3.568
29	14.003	3.516
30	14.117	3.457
31	14.181	3.358
32	14.208	3.351
33	14.247	3.256
34	14.389	3.153
35	14.27	3.114
36	14.269	3.07
37	14.35	3.045
38	14.448	2.994
39	14.461	3.071
40	14.442	2.998
41	14.44	2.904
42	14.568	2.852
43	14.512	2.833
44	14.47	2.811
45	14.497	2.727
46	14.583	2.709
47	14.547	2.69
48	14.375	2.749
49	14.314	2.717
50	14.324	2.739
51	14.297	2.703
52	14.291	2.691
53	14.328	2.68
54	14.34	2.718
55	14.278	2.718
56	14.275	2.769
57	14.348	2.875
58	14.404	2.982
59	14.633	3.064
60	14.647	3.215
61	14.741	3.338
62	14.776	3.495
63	14.801	3.647
64	14.746	3.706
65	14.725	3.808
66	14.727	3.857
67	14.711	3.959
68	14.768	4.018
69	14.818	4.043
70	14.865	4.111
71	14.743	4.164
72	14.658	4.238
73	14.6	4.341
74	14.617	4.366
75	14.74	4.467
76	14.768	4.494
77	14.775	4.54
78	14.748	4.611
79	14.728	4.678
80	14.743	4.827
81	14.65	4.943
82	14.585	5.048
83	14.528	5.135
84	14.552	5.242
85	14.555	5.272
86	14.604	5.32
87	14.464	5.418
88	14.405	5.474
89	14.318	5.54
90	14.299	5.674
91	14.304	5.784
92	14.265	5.879
93	14.221	5.954
94	14.19	6.03
95	14.095	6.083
96	14.095	6.157
97	14.069	6.223
98	13.962	6.31
99	13.991	6.394
100	13.807	6.494
101	13.792	6.59
102	13.808	6.693
103	13.81	6.854
104	13.729	6.967
105	13.786	7.071
106	13.847	7.124
107	13.849	7.29
108	13.787	7.401
109	13.641	7.543
110	13.564	7.575
111	13.494	7.701
112	13.578	7.765
113	13.512	7.867
114	13.537	7.959
115	13.467	8.048
116	13.535	8.156
117	13.546	8.32
118	13.526	8.468
119	13.494	8.58
120	13.455	8.692
121	13.279	8.828
122	13.226	8.882
123	13.142	9.014
124	13.054	9.133
125	13	9.28
126	12.991	9.368
127	12.943	9.555
128	12.895	9.683
129	12.927	9.778
130	12.875	9.905
131	12.812	10.008
132	12.825	10.066
133	12.833	10.154
134	12.823	10.235
135	12.758	10.379
136	12.78	10.459
137	12.716	10.525
138	12.66	10.624
139	12.66	10.68
140	12.651	10.712
141	12.609	10.842
142	12.537	10.936
143	12.456	11.001
144	12.442	11.1
145	12.39	11.255
146	12.336	11.494
147	12.233	11.587
148	12.164	11.644
149	12.102	11.689
150	12.016	11.751
151	12.005	11.857
152	11.853	11.947
153	11.796	12.032
154	11.704	12.135
155	11.634	12.222
156	11.532	12.333
157	11.473	12.426
158	11.41	12.554
159	11.356	12.666
160	11.311	12.829
161	11.26	12.964
162	11.127	13.105
163	11.024	13.222
164	10.988	13.363
165	10.86	13.544
166	10.816	13.631
167	10.715	13.725
168	10.693	13.872
169	10.654	13.846
170	10.578	13.886
171	10.459	13.966
172	10.367	14.114
173	10.254	14.183
174	10.3	14.289
175	10.16	14.374
176	10.044	14.568
177	9.868	14.698
178	9.769	14.883
179	9.752	14.94
180	9.624	14.948
181	9.571	14.985
182	9.272	15.071
183	9.105	15.218
184	8.812	15.345
185	8.687	15.392
186	8.646	15.506
187	8.596	15.648
188	8.431	15.74
189	8.262	15.841
190	8.059	15.83
191	8.122	15.913
192	7.969	15.881
193	7.795	15.922
194	7.716	16.072
195	7.717	16.223
196	7.554	16.386
197	7.537	16.547
198	7.462	16.633
199	7.3	16.739
200	7.299	16.927
201	7.303	16.809
202	7.221	16.894
203	7.126	17.064
204	7.067	17.186
205	7.037	17.254
206	6.943	17.288
207	6.829	17.336
208	6.797	17.428
209	6.733	17.438
210	6.597	17.482
211	6.595	17.522
212	6.467	17.475
213	6.448	17.464
214	6.429	17.503
215	6.374	17.535
216	6.112	17.594
217	6.07	17.64
218	6.06	17.752
219	6.149	17.812
220	6.086	17.807
221	6.068	17.856
222	6.024	17.901
223	5.927	17.864
224	5.844	17.941
225	5.777	18.048
226	5.749	18.112
227	5.743	18.091
228	5.67	18.068
229	5.619	18.215
230	5.62	18.33
231	5.587	18.418
232	5.547	18.454
233	5.517	18.471
234	5.462	18.472
235	5.368	18.497
236	5.416	18.583
237	5.348	18.686
238	5.303	18.746
239	5.241	18.773
240	5.226	18.774
241	5.137	18.856
242	5.126	18.893
243	5.117	18.862
244	5.076	18.814
245	5.043	18.645
246	5.074	18.612
247	5.073	18.658
248	4.973	18.545
249	4.897	18.605
250	4.895	18.676
251	4.893	18.774
252	4.872	18.732
253	4.827	18.713
254	4.821	18.716
255	4.776	18.684
256	4.773	18.694
257	4.757	18.538
258	4.781	18.479
259	4.774	18.455
260	4.801	18.417
261	4.809	18.423
262	4.886	18.371
263	4.877	18.429
264	4.925	18.433
265	4.941	18.465
266	4.917	18.432
267	5.028	18.409
268	5.103	18.426
269	5.195	18.29
270	5.171	18.227
271	5.148	18.23
272	5.209	18.22
273	5.257	18.165
274	5.395	18.146
275	5.456	18.193
276	5.518	18.199
277	5.561	18.115
278	5.595	18.08
279	5.66	17.908
280	5.737	17.928
281	5.802	17.914
282	5.888	17.909
283	5.985	17.889
284	6.132	17.83
285	6.239	17.892
286	6.303	17.887
287	6.367	17.868
288	6.504	17.914
289	6.636	17.968
290	6.842	17.888
291	7.041	17.826
292	7.149	17.691
293	7.269	17.661
294	7.403	17.633
295	7.632	17.602
296	7.745	17.529
297	7.867	17.468
298	7.98	17.334
299	8.094	17.195
300	8.135	17.13
301	8.203	17.063
302	8.301	16.998
303	8.406	16.879
304	8.461	16.826
305	8.648	16.693
306	8.705	16.625
307	8.703	16.52
308	8.716	16.496
309	8.793	16.392
310	8.957	16.304
311	9.021	16.146
312	9.138	16.045
313	9.266	15.988
314	9.394	15.899
315	9.434	15.852
316	9.526	15.773
317	9.681	15.681
318	9.786	15.495
319	9.888	15.331
320	9.991	15.161
321	10.077	14.933
322	10.106	14.772
323	10.211	14.656
324	10.227	14.483
325	10.325	14.313
326	10.454	14.145
327	10.571	13.954
328	10.52	13.855
329	10.59	13.689
330	10.672	13.529
331	10.763	13.396
332	10.868	13.208
333	10.894	13.043
334	10.982	12.87
335	11.287	12.725
336	11.374	12.591
337	11.31	12.253
338	11.322	11.985
339	11.331	11.895
340	11.334	11.63
341	11.432	11.361
342	11.467	11.211
343	11.586	11.08
344	11.613	10.776
345	11.731	10.626
346	11.862	10.363
347	11.947	10.157
348	12.022	9.895
349	12.021	9.638
350	12.015	9.466
351	12.23	9.254
352	12.265	8.83
353	12.269	8.544
354	12.417	8.214
355	12.601	7.908
356	12.7	7.501
357	12.805	7.217
358	12.858	6.936
359	12.868	6.774
360	12.867	6.675
361	12.95	6.631
362	12.976	6.404
363	12.99	6.278
364	13.09	5.97
365	13.166	5.803